diamond 3 19年05月27日08时24小时降水量
19 05 27 08   -2
      8
      1      5     10     25     50    100    150    200
      1     25     39
  122.7   37.3  122.5   36.7  120.8   36.2  119.3   35.0  120.4   34.3
  121.1   32.7  122.3   30.9  122.5   30.1  121.5   28.0  119.8   25.0
  116.1   22.6  111.0   21.0  111.0   18.6  109.6   18.1  108.3   18.5
  108.9   19.9  109.3   21.0  106.4   21.6  104.1   22.2  101.6   20.8
   98.7   22.0   97.1   24.1   97.7   27.0   91.7   26.6   85.7   27.7
   78.9   30.6   73.3   37.1   74.1   40.7   87.6   49.8   98.5   43.9
  110.4   44.3  122.0   54.7  135.7   48.3  131.5   42.2  125.2   39.4
  121.3   38.5  121.2   40.3  118.5   38.6  120.8   38.1
    1   1616
45007  114.18   22.33   24   33.9
50953  126.57   45.93  118   33.4
52866  101.75   36.73 2295    5.1
52983  104.15   35.87 1874    5.4
53463  111.57   40.85 1154    0.1
53915  106.67   35.53 1468   0.01
54218  118.83   42.30  669   23.9
54337  121.12   41.13   66   73.0
54342  123.52   41.73   49   44.5
54401  114.92   40.77  773    1.6
54471  122.17   40.67    4   34.8
54497  124.33   40.03   14   79.4
54511  116.47   39.80   31   26.5
54823  117.00   36.60  170   10.4
56080  102.90   35.00 2910    1.7
56187  103.87   30.75  548    1.9
57494  114.05   30.60   24    0.5
57687  112.78   28.10  119    5.3
57816  106.73   26.58 1224    7.3
58040  119.13   34.85    5    0.5
58150  120.30   33.75    2    7.3
58221  117.30   32.85   27    1.4
58238  118.90   31.93   35    3.0
58251  120.28   32.85    3    9.8
58362  121.45   31.40    6   30.9
58457  120.17   30.23   42   21.4
58606  115.92   28.60   47    5.4
58752  120.65   27.78   40    0.2
58847  119.28   26.08   84    7.9
59117  116.07   24.28  116   31.6
59134  118.07   24.48  139   41.8
59287  113.48   23.22   71   30.6
59316  116.68   23.38    2   47.9
59644  109.13   21.45   13    0.3
59758  110.25   20.00   64    1.0
50136  122.52   52.97  439    0.1
50774  128.83   47.70  265   43.8
51133   83.00   46.73  535   0.01
54094  129.67   44.50  306    5.3
54102  116.12   43.95 1003    0.3
54161  125.22   43.90  237   60.3
54292  129.50   42.87  257    4.8
54374  126.88   41.80  380    7.5
54423  117.92   40.97  422   31.1
54618  116.55   38.08   13    1.5
54843  119.20   36.75   22   0.01
54909  115.52   35.08   52   0.01
56029   96.97   33.00 3717    7.3
50844  123.45   46.40  139    2.1
50854  125.32   46.38  149   17.4
50968  127.97   45.22  190   24.5
53480  113.07   41.03 1419    8.3
54308  116.63   41.20  735    2.4
54602  115.48   38.73   17    0.5
54725  117.53   37.50   12    0.1
54751  120.73   37.93   40    1.9
54916  116.85   35.57   52   26.8
56492  104.60   28.80  341    0.7
56571  102.27   27.90 1591    7.3
57799  114.92   27.05   71    6.1
57866  111.62   26.23  173   11.5
57957  110.30   25.32  164   25.4
57993  115.00   25.87  138    0.3
58027  117.15   34.28   41   0.01
58141  118.93   33.63   13    2.3
58265  121.60   32.07    4   24.8
58472  122.45   30.73   80   25.2
58477  122.10   30.03   36   22.9
58527  117.20   29.30   62   32.1
58633  118.90   29.00   82    7.5
58666  121.90   28.45   86    3.0
58725  117.47   27.33  218    6.1
58921  117.35   25.97  206    6.2
59082  113.60   24.67  121   22.9
59211  106.60   23.90  175   92.6
59265  111.30   23.48  115   16.9
59293  114.73   23.80   71   52.0
59501  115.37   22.80   17    1.2
59663  111.97   21.83   90  135.7
50353  126.63   51.73  174   0.01
50756  126.87   47.45  247   13.8
50949  124.87   45.08  136   36.3
50963  128.73   45.97  109   32.7
51156   85.75   46.82 1322    0.6
52602   93.33   38.75 2770    5.2
52713   95.35   37.85 3173    4.5
52754  100.13   37.33 3302    5.4
52836   98.10   36.30 3189    4.7
52955  100.73   35.58 3120   16.0
53068  111.93   43.63  963    1.9
53276  112.90   42.40 1151    0.8
54135  122.27   43.60  179   56.2
54236  122.55   42.38   79  104.7
54539  118.88   39.43    9   34.1
54662  121.63   38.90   92    6.0
54753  120.33   37.63    5    1.5
54857  120.33   36.07   76    2.7
50632  121.92   48.77  740    0.9
50915  116.97   45.52  839   0.01
51811   77.27   38.43 1231    0.1
51828   79.93   37.13 1375   0.01
53149  110.13   42.53 1225    0.1
53192  115.00   44.02 1148    0.1
53336  108.52   41.57 1288    0.4
53391  114.00   41.90 1483    1.8
54012  117.63   44.57 1002    1.7
54026  120.90   44.57  265   22.3
54027  119.40   43.98  486   22.5
54208  116.47   42.18 1245    5.3
54776  122.70   37.40   48    5.5
56004   92.43   34.22 4533    2.8
56033   98.22   34.92 4272   10.9
56046   99.65   33.75 3968    7.6
56287  103.00   29.98  628    6.5
56684  103.25   26.40 2188    0.3
56786  103.83   25.58 1899   19.9
56977  101.85   22.58 1121    1.3
57399  114.95   31.13   74    2.9
57793  114.38   27.80  131   57.1
58345  119.48   31.43    6   11.3
58506  115.98   29.58 1165   12.3
58813  116.30   26.83  166   13.7
58834  118.17   26.63  152    2.5
58926  117.42   25.30  205    0.9
58944  119.78   25.52   32    9.5
59096  114.48   24.37  215   21.9
59102  115.65   24.95  304   13.4
59278  112.48   22.98   60    3.9
59456  110.93   22.35  141   31.4
59493  114.00   22.53   63   61.2
59658  110.30   21.15   53    0.1
59673  112.77   21.73   22   30.8
59845  109.58   19.52  169    0.8
55299   92.07   31.48 4507    0.2
55591   91.13   29.67 3649    1.1
56739   98.50   24.98 1696    0.7
57745  109.68   27.45  272    0.1
57972  112.97   25.73  369    5.8
58314  116.32   31.40   86    0.2
58424  116.97   30.62   62   12.9
59023  108.03   24.70  260   24.8
59417  106.85   22.33  129    1.4
51711   78.45   40.93 1985   0.01
52737   97.38   37.37 2982    8.6
52787  102.87   37.20 3045    0.5
53352  110.43   41.70 1377   16.1
53593  114.57   39.83  910    1.2
54273  126.75   42.98  263   12.1
54324  120.43   41.55  174   64.8
54405  115.50   40.42  571    6.6
54436  118.95   40.42  254   74.1
54808  115.63   36.23   38   23.9
54826  117.10   36.25 1534    1.7
54836  118.17   36.18  305   0.01
54863  121.18   36.78   41   10.1
56018   95.28   32.88 4066    3.5
56021   95.80   34.12 4175    2.0
50548  123.72   49.20  286    1.1
51818   78.28   37.62 1375    0.4
54049  123.97   44.25  189   57.8
54115  118.03   43.63  825   24.6
54157  124.38   43.12  180   68.7
54186  128.20   43.37  525   11.1
54311  117.77   41.97  893   24.1
54346  123.78   41.30  185   25.9
54377  126.22   41.15  225    7.9
54386  128.18   41.42  775    9.3
54493  124.78   40.72  260   29.1
54715  116.52   37.32   18   15.0
54929  117.97   35.27  121    0.8
54945  119.55   35.47   64    6.9
56065  101.60   34.73 3500    8.7
51053   86.40   48.05  533   0.01
51542   84.15   43.03 2458    0.4
52908   93.08   35.22 4612    2.6
52996  105.02   35.38 2451    0.8
54226  120.70   42.33  401   58.2
54259  124.87   42.07  224   25.6
54527  117.05   39.08    4   17.3
54534  118.10   39.65   23   39.5
57378  112.63   31.20  108    0.2
57584  113.08   29.38   53    8.6
57598  114.58   29.03  147    5.6
57655  110.40   28.47  152    0.3
57776  112.70   27.30 1266    6.6
58321  117.30   31.78   27    1.8
58437  118.15   30.13 1840  133.0
58556  120.82   29.60  104   11.0
58569  121.95   29.20  128    2.3
58646  119.92   28.45   60    4.2
58652  120.72   28.87   83    2.3
58715  116.65   27.58   81   16.1
58730  118.03   27.77  222    8.3
58731  118.53   27.92  277   10.6
58754  120.20   27.33   36    0.7
58911  116.37   25.85  310   16.8
58931  118.10   25.72 1654    1.9
59254  110.08   23.40   43   12.8
59632  108.62   21.95    5    9.8
59855  110.47   19.23   24    3.7
56144   98.58   31.80 3184    0.4
56152  100.33   32.28 3894    0.8
56167  101.12   30.98 2957   0.01
56182  103.60   32.67 2881    0.2
56357  100.30   29.05 3728   0.01
56586  103.72   27.35 1950   0.01
56838   97.85   24.00  763    0.1
56886  103.77   24.53 1704    2.9
56946   99.40   23.55 1105    2.4
57503  105.12   29.62  350    0.9
57731  108.25   27.95  417    3.7
57766  111.45   27.18  311   13.6
57845  109.78   26.17  398   31.3
57853  110.63   26.73  341   17.6
57932  108.52   25.93  286   28.3
58338  118.60   31.12   40    3.6
59007  105.07   24.07 1250   25.9
59046  109.40   24.35   97    1.3
59058  110.52   24.20  182   0.01
59072  112.37   24.82  132   18.8
59087  113.52   23.88   97   67.8
59209  105.83   23.42  794   24.9
55773   89.08   27.73 4300   0.01
56137   97.17   31.15 3315   0.01
56172  102.23   31.90 2664    0.1
56312   94.33   29.67 2992    0.4
56462  101.50   29.00 2925    3.6
56691  104.28   26.87 2238   0.01
57633  108.77   28.82  827    0.8
57902  105.18   25.43 1379    0.5
56079  102.97   33.58 3441   14.1
56106   93.78   31.88 4023    2.4
56374  101.97   30.05 2616    8.6
56385  103.33   29.52 3070   10.2
56954   99.93   22.57 1055    0.6
57604  105.38   28.78  369   0.01
57707  105.28   27.30 1511   0.01
57832  108.67   26.97  627    8.6
57666  112.13   28.52  137    1.6
57609  105.70   28.58  317    1.3
54517  117.20   39.07    2   28.6
50850  125.13   46.57  147    8.3
58804  115.35   26.28  184   10.3
58619  116.27   27.90   74    5.5
58701  115.40   27.77   47    8.8
57883  114.28   26.75  253    7.6
57899  114.92   26.80   71    1.9
57698  114.43   28.10  123    3.3
58906  115.80   25.60  167   13.5
58607  115.95   28.55   32   13.0
58524  117.22   29.37   87   28.8
58502  116.02   29.67   75   16.1
58615  117.08   28.68   56   10.1
58719  116.93   27.30  131   10.1
58706  115.83   27.43  182    0.2
57699  114.97   28.23   93    9.3
58618  116.60   28.27   82   23.5
58693  115.83   28.70   40    4.8
58714  116.23   27.55  120    8.6
57783  113.82   27.88  119   24.3
57798  114.60   27.40   86   59.2
58622  117.58   28.95   89    2.3
58634  118.25   28.68  116   10.6
57794  114.02   27.63  177   13.8
56195  104.73   31.80  543   0.01
56584  103.25   27.70 1093    1.2
56281  103.50   30.18  511    7.9
56158  100.67   31.40 3250   0.01
56378  102.35   29.23  891   26.8
56578  102.75   27.07  994   17.4
56109   93.78   31.48 3940    1.0
55572   89.10   29.68 4000    0.1
55589   90.98   29.30 3555    1.2
57671  112.37   28.85   37    0.1
58624  117.43   28.40   70    2.9
58601  115.38   28.70   54    4.8
58529  117.85   29.28  171   59.6
58712  116.78   27.92  130   27.5
58605  115.38   28.42   47   18.3
58625  117.60   28.42   79    4.9
58608  115.55   28.07   30    5.4
58713  117.07   27.72  225   16.7
54912  116.50   35.77   42   37.6
54821  117.20   37.00   20    2.0
54764  121.23   37.48   54    3.5
58148  119.35   33.27    3    7.9
58250  120.15   32.52    6   13.7
57326  107.72   31.37  389    0.2
57976  112.93   25.40  223    2.2
57658  110.20   28.00  153    9.2
56649   99.97   26.10 2060    0.2
56582  103.90   27.75 1176    0.1
56595  104.87   27.42 1645    0.2
56783  103.80   25.50 1906   18.9
56987  103.23   22.78 1260   0.01
56745   99.95   25.68 1626   0.01
56785  103.08   25.35 1916   26.6
56961  101.05   23.03 1337    0.8
56594  104.07   27.63 1035    1.2
56688  103.17   26.10 1254    0.6
56585  103.55   27.20 1952    0.3
56949   99.60   22.32 1080    1.3
56994  104.28   23.33 1294    4.6
56844   98.58   24.43  914    0.3
56548   99.28   27.17 2326    0.2
56697  104.08   26.22 1984   25.0
56841   98.68   24.60 1528    1.9
56996  104.70   23.13 1093   32.5
56842   99.18   24.73 1471    1.3
56846   99.93   24.58 1569    1.9
56991  104.33   23.62 1561    3.5
56958  100.47   21.97 1223    1.0
56948   99.60   22.63 1155    0.9
56843   99.62   24.83 1651    0.5
56643   98.85   25.87  950    0.1
54404  115.83   40.88  868    9.3
57510  106.07   29.85  326   0.01
57502  105.70   29.70  395    4.0
57409  105.80   30.18  298    0.3
57509  106.92   28.98  600   0.01
53582  113.67   39.72 1079    0.4
53486  113.77   40.37 1050    1.6
53533  108.72   39.82 1414   0.01
54336  122.43   41.42    8   55.4
54476  122.15   40.18   20   22.0
54590  124.15   39.92    4   76.0
57964  111.15   25.50  263   37.4
59266  111.23   23.42   43   16.8
59031  108.27   24.82  342   37.4
59027  107.25   24.13  255   40.4
59055  110.40   24.50  166   11.7
59485  113.40   22.52   34   61.4
58563  121.83   29.88    5    6.7
57432  108.40   30.77  187    0.3
54563  122.02   39.63  119   13.5
58631  118.50   28.90  137    4.7
58301  115.38   31.82   92    0.3
58501  115.63   29.92   24   15.7
57827  107.53   26.32  969   0.01
57738  108.42   27.05  516   13.0
57253  110.87   32.83  245    9.9
54063  126.00   44.97  197   47.1
56849   99.23   24.03 1606   0.01
56883  103.98   24.82 1901   97.4
52862  101.68   36.95 2450   11.0
52957  100.60   35.25 3148   16.1
52968  101.47   35.03 3663    6.9
52974  102.03   35.55 2475    6.2
56151  100.75   32.93 3530    4.0
52863  101.95   36.82 2480    7.6
52833   98.48   36.93 2950    1.9
52877  102.25   36.10 2835   11.7
56034   97.13   33.80 4415    5.2
52869  101.58   36.50 2668    4.9
52856  100.62   36.27 2835   15.2
56016   95.62   33.85 4179    0.9
52875  102.10   36.50 2125    6.3
56045   99.90   33.97 4050    7.5
56125   96.47   32.20 3644    0.7
52842   99.08   36.78 3088    7.5
56043  100.23   34.48 3719   10.8
52825   96.43   36.43 2790    0.1
58435  118.53   30.30  220   73.1
58113  116.70   33.95   32    0.8
58126  117.87   33.47   20    1.0
58127  117.07   32.98   25    0.5
58215  116.78   32.43   26    0.2
58222  117.55   32.85   25    4.2
58223  117.98   32.80   31    2.9
58224  117.05   32.60   71    1.1
58225  117.67   32.53   70    0.8
58234  118.42   32.47   40   17.7
58236  118.25   32.35   34   28.4
58306  115.88   31.68   95    0.8
58311  116.50   31.73   74    0.1
58316  116.92   31.47   24    0.2
58319  116.95   31.07   85   12.1
58320  117.13   31.73   22    2.2
58326  117.83   31.58   31    5.1
58230  118.28   32.12   27   13.3
58436  118.98   30.62   87   17.0
58327  117.28   31.27   45    4.3
58329  117.87   31.33   10    5.5
58330  118.08   31.75   26    1.9
58331  118.37   31.73   23    1.2
58334  118.42   31.38   10    4.9
58335  118.57   31.55   60    3.9
58337  118.18   31.08   27   11.9
58414  116.32   30.43  105   15.5
58416  116.82   30.75   36   20.0
58417  116.13   30.17   55   10.4
58419  117.02   30.10   18   26.2
58420  117.23   30.72   58   12.4
58423  117.78   30.48  647   43.1
58426  118.13   30.30  193   45.3
58427  117.50   30.65   15   11.8
58428  117.50   30.22  119   29.5
58431  118.32   30.90   39   17.2
58433  118.75   30.93   31   19.8
58442  119.18   31.17   17   12.1
58520  117.72   29.85  142   75.5
58523  117.93   29.93  228   49.4
58531  118.28   29.72  143   43.9
58336  118.57   31.70   80    2.2
58016  116.97   34.18   35    1.0
58112  116.45   30.73  968    1.3
58323  117.47   31.88   25    3.2
58429  117.85   30.98   11    9.4
58438  118.58   30.08  191   76.2
58418  116.67   30.13   60   25.4
54334  121.25   41.52   74   87.0
54455  120.65   40.62   21   56.3
54486  123.28   40.33   98    9.9
54569  121.95   39.42   12    9.2
54351  124.07   41.92  119   41.0
54330  121.33   41.13   45   79.9
54321  119.72   41.90  662   39.2
54243  124.10   42.78  165   70.9
54584  122.95   39.72   35   42.6
54568  121.75   39.07   91    7.1
54248  123.53   42.03   62   46.5
54454  120.30   40.33   29   47.4
54335  122.08   41.68   38  104.5
54349  124.13   41.30  259   12.3
54333  122.85   41.97   31   60.9
54347  123.18   41.25   25   38.9
54470  122.05   41.02    6   37.2
54474  122.35   40.42   25   24.6
54245  123.40   42.50   98   81.5
54328  119.77   41.12  341   51.6
54326  119.62   41.42  462   54.4
54249  123.87   42.30   85   58.8
54327  119.38   41.25  417   57.7
54237  121.75   42.07  168   92.2
54494  124.05   40.47   73   22.7
54323  120.78   41.82  254   79.8
54579  122.58   39.27   36   16.8
54254  124.05   42.53   98   70.1
54340  123.32   41.67   36   42.0
54331  121.75   41.60  114  109.7
54332  122.70   41.52   12   39.4
54472  122.75   40.88   25   31.1
54252  124.73   42.73  196   44.7
54325  120.37   41.18  184   86.8
54338  122.03   41.27    5   73.3
54483  123.90   40.87  234   26.0
54365  125.35   41.28  246   15.5
54345  123.07   41.20   31   39.8
54353  125.03   41.72  328   12.2
54244  123.35   42.73  119   98.1
54475  122.45   40.57   12   22.4
54452  119.80   40.80  367   67.3
54660  121.23   38.82   67    3.2
54348  123.37   41.42   45   43.2
54575  122.33   39.40   43   15.3
54339  123.00   41.08   77   46.0
54453  120.97   40.87   39   80.3
54398  116.62   40.13   29    6.7
54416  116.87   40.38   72   17.9
54412  116.63   40.73  332   13.0
54514  116.25   39.87   55   11.6
54421  117.12   40.65  293   26.2
54505  116.15   39.88   86   14.8
54419  116.63   40.37   76   27.2
54499  116.22   40.22   76    8.7
54501  115.68   39.97  440   12.7
54406  115.97   40.45  488    7.9
54513  116.20   39.95   63   15.8
54594  116.35   39.72   38   39.0
54399  116.28   39.98   46   10.7
54410  116.13   40.60 1225   12.2
54596  116.20   39.77   49   19.2
54597  115.73   39.73  408   25.5
56188  103.67   31.00  699    0.2
57313  106.77   31.87  418    7.6
56485  103.58   28.27 1256    2.9
57507  105.30   29.33  386    0.7
56395  104.67   29.52  351   34.5
54732  118.52   37.87    6    0.9
54855  120.38   36.40   48    0.4
54914  116.08   35.42   41    0.1
54913  116.82   35.75   62    7.8
54905  115.93   35.58   46    8.8
54932  118.65   35.77  187    0.4
54728  117.35   37.77   11    0.7
54765  121.43   37.48   82    3.3
54919  116.98   35.38   89   14.3
54936  118.83   35.57  107    0.3
58034  118.32   34.60   36    1.6
58011  116.07   34.80   46   0.01
54906  115.42   35.25   50    0.4
54802  115.73   36.82   34    6.3
54938  118.42   35.25  124    0.7
54752  120.77   37.80   61    5.8
54920  117.28   35.65  110    2.8
54812  116.72   36.73   25    7.5
58003  115.88   34.95   45    0.4
54835  118.57   36.47  150   0.01
54749  119.95   37.18   48   0.01
54849  120.03   36.22   84    0.2
58032  118.65   34.95   90    2.0
57774  112.17   27.45  100    0.6
57965  111.60   25.53  192    1.3
57772  112.50   27.75   87    0.6
57781  113.50   27.65   74   48.2
57971  112.20   25.92  224    3.5
57779  113.35   27.05  115   10.4
54533  118.10   39.58    9   32.6
54711  116.28   37.70   18    7.0
58404  115.22   30.47   62    4.4
58408  115.43   30.23   35   18.9
57595  114.45   29.62  100    3.2
57498  114.93   30.52   26    4.0
57614  106.22   28.33 1180    0.1
57718  106.72   27.10 1112    1.0
57909  105.82   24.98  585   20.7
57728  107.47   27.05 1130   0.01
57811  106.60   26.83 1297    2.6
56693  104.87   26.58 1816   0.01
57834  108.30   26.68  641    2.0
57908  105.48   25.12 1395    8.3
57729  107.88   27.23  622    4.8
57647  109.18   28.15  406   11.1
57910  106.08   25.77 1198   0.01
57821  107.50   26.70  925    0.3
57914  106.67   26.42 1149   22.4
56598  104.73   27.13 1535   0.01
57710  106.40   27.80  890    5.2
57837  108.07   26.40  839    8.7
57835  108.43   26.73  527   36.4
57840  109.20   26.90  401   27.9
57900  105.22   25.83 1553    0.9
57903  105.60   25.93 1142   13.0
57625  107.47   28.53  816   0.01
57803  106.02   27.03 1231    7.4
57739  108.92   27.23  395   18.5
57737  108.12   27.03  547    2.3
57806  105.90   26.25 1431    9.3
57906  106.08   25.18  567   20.8
57936  108.92   25.75  258   20.8
57805  105.77   26.68 1319    0.7
57734  108.23   27.57  468   0.01
57623  107.60   28.88  686    0.3
57717  106.83   27.53  974    0.8
57911  106.65   26.67 1323    5.0
57808  105.75   26.32 1275    2.3
57809  105.75   26.07 1251    2.7
57814  106.27   26.42 1298    8.7
57923  107.87   25.98  452    1.6
57813  106.47   26.58 1300    3.4
57722  107.47   27.77  792   31.8
57732  108.40   28.02  522    0.1
57708  105.60   27.15 1700    4.7
57926  107.88   25.42  429   19.6
57905  105.62   25.40 1185   19.4
57712  106.95   27.73  984    3.4
57825  107.98   26.60  720    0.4
57913  106.98   26.45 1094    8.1
57907  104.90   25.08 1300   21.2
57735  108.82   27.18  404   50.5
57828  107.58   26.50  984    0.2
51633   81.90   41.78 1229   0.01
51330   81.02   44.97 1358   0.01
53981  113.27   35.78 1312   0.01
56342   98.60   29.65 3846    0.6
50674  129.43   48.57  405   25.2
50878  130.72   47.00   78    6.6
54080  127.15   44.90  195   23.7
50958  126.93   45.53  168   45.6
50867  127.35   46.08  134   43.4
57124  106.93   33.63 1032   0.01
57047  109.32   34.17  540   0.01
57154  110.90   33.53  523    4.4
57211  106.25   32.83  836   0.01
52995  104.62   35.58 1897    1.9
52986  103.87   35.37 1894    0.3
52988  103.72   35.37 2016   0.01
52985  103.33   35.42 2163    1.0
52881  103.18   36.98 2485    1.0
54031  121.82   44.90  198   22.1
59255  110.38   23.55   33   15.9
59051  110.50   24.77  137   76.0
59229  107.70   23.17  126   25.4
59452  110.53   22.83  132    1.7
59037  108.10   23.93  171    7.7
59044  109.38   24.47   98   25.0
59635  108.35   21.62   31    7.5
59454  111.00   22.95  202   48.5
57947  109.40   25.23  162   97.2
57949  110.00   24.98  157   26.2
59426  107.92   22.62  146   0.01
59421  107.17   22.87  278   12.0
57958  110.32   25.08  151   19.9
59237  108.30   23.18  155   13.6
59052  110.82   24.83  170   16.5
59457  110.27   22.32  122    0.7
59626  107.97   21.53   22    0.9
59065  111.50   24.42  149    1.4
59228  107.57   23.28  146   78.8
57859  110.63   26.03  408   34.7
59227  107.13   23.12  454   39.5
57948  109.25   25.08  123  103.9
59034  108.67   24.48  151   31.2
59218  106.42   23.13  740  243.6
57942  110.00   25.80  268    2.4
59224  107.12   23.60  111   66.1
59213  106.95   23.75  133   48.5
59025  107.38   24.53  249   74.7
59215  106.63   23.33  680   74.3
59017  106.27   24.27  278   35.4
59059  110.80   24.18  106    7.5
59064  111.30   24.48  168    5.9
59004  105.08   24.50  827   17.2
59053  110.63   24.65  158   48.6
59427  107.03   22.12  168    2.6
59451  110.35   22.70   98    0.5
57927  107.18   24.97  287   22.1
59021  107.03   24.55  509   55.0
58443  119.90   31.02   25   14.2
58448  119.70   30.22  118   34.3
58537  118.40   29.13  154   34.7
58543  119.02   29.62  171   17.2
58544  119.27   29.48   89   35.1
58547  119.18   29.03   66    5.3
58549  119.65   29.12   63    3.3
58643  120.03   28.90  103    9.5
58665  121.42   28.62    5    2.7
58667  121.27   28.08   96    1.1
58750  120.08   27.78  105    0.5
58131  118.22   33.97   25   14.4
58254  120.45   32.52    5   18.4
58349  120.57   31.42    8    9.7
58154  120.10   33.32    4   20.0
58147  118.97   32.98   24   10.1
58139  118.92   33.30   11    5.8
58360  121.20   31.92    3   37.6
58249  120.00   32.17    6   18.4
58359  120.62   31.13    5   16.8
58242  119.17   32.30   23   14.4
58244  119.58   32.45    5   12.9
58235  118.85   32.37   10   39.6
58237  118.58   32.07   47    5.5
58143  119.85   33.80    5    2.5
58340  119.07   31.60   30    5.7
58241  119.45   32.80    5   26.8
58351  120.30   31.90    4   35.7
58012  116.65   34.67   42    1.9
58013  116.90   34.75   37    0.8
58145  119.15   33.50    7    5.9
58035  118.35   34.33   29    4.2
58247  119.80   32.27    3   10.8
58269  121.65   31.78    3   30.2
58246  120.00   32.55    3   13.7
58342  119.53   31.72    5    6.4
58356  121.00   31.40    3   17.7
58245  119.42   32.42   10   14.4
58352  120.77   31.65    5   30.2
58140  119.30   33.77    9    1.6
58339  118.90   31.33   17    8.3
58257  120.30   31.98   10   32.7
58138  118.52   32.98   41    4.9
58358  120.43   31.07   17   17.2
58343  119.98   31.88    4   16.8
58252  119.47   32.18   27    8.2
54371  126.43   41.93  521    8.4
54529  117.82   39.35    4   29.5
59313  116.98   23.68   45   30.0
59319  116.83   23.43    4   91.3
59074  112.07   24.57  301    5.1
58912  116.73   25.72  404    9.3
59137  118.55   24.80  135   26.8
59092  114.80   24.87  250    2.6
58626  117.23   28.30   61    4.0
57796  114.88   27.83  189   11.1
58614  116.28   28.40   67    8.4
58507  115.12   29.25  116    1.3
58508  115.77   29.33   41    5.4
58517  116.18   29.25   78   26.9
58514  116.05   29.45   37    7.1
57789  113.95   27.13  195   12.5
58505  115.90   29.62   63   14.0
58503  115.67   29.70   41    5.0
58609  115.82   28.22   27   20.0
58629  117.70   28.28  100    8.3
58635  118.20   28.45  150   10.2
58509  115.82   29.05   37    4.9
58616  116.82   28.20   47   16.4
58903  116.03   25.90  210   15.9
58814  116.35   26.35  280   11.4
57995  114.87   25.35  204    1.6
58627  117.05   28.32   56    3.8
57792  114.68   27.82   94   42.1
59091  114.52   24.75  277    3.4
58707  115.13   27.22   66    4.1
58718  116.53   27.22  112   14.5
57786  113.85   27.63  118    3.8
58602  115.55   28.85   41    8.4
57894  114.17   26.58  843   14.5
58907  115.40   25.15  305    0.6
58637  117.98   28.45  118   10.6
57990  114.32   25.70  280    2.8
57991  114.55   25.80  140    2.9
56279  102.95   30.17  744    5.4
56290  104.18   30.78  515   0.01
56272  103.88   30.82  559   54.1
57318  106.57   31.08  339    2.1
56493  104.97   28.85  293    3.2
58045  119.60   34.20    5    0.6
58044  119.23   34.53    5    0.1
58255  120.57   32.37    6   48.7
58048  119.35   34.12    4    0.6
58264  121.18   32.33    3   34.2
58353  120.57   31.87   12   25.2
58158  120.45   33.17    3   32.3
58377  121.10   31.52    6   19.3
58259  120.98   32.08    5   43.7
58132  118.68   33.72   15    1.6
58346  119.82   31.33   16   10.9
58268  121.08   32.10    4   39.0
58341  119.60   31.98    7   14.9
58354  120.35   31.62    3   17.4
58135  118.22   33.48   17    1.7
58026  118.02   34.40   26   16.1
58146  119.77   33.47    3    5.1
58036  118.72   34.55   33    0.1
58047  119.23   34.25    5    0.2
58344  119.20   31.97   36    5.0
58041  119.43   34.78   27    0.4
58130  117.95   33.93   24   18.0
58243  119.82   32.95    3   33.1
57028  107.32   34.03 1544   0.01
57573  112.90   29.83   30   0.01
57493  114.33   30.35   74    0.2
57362  110.67   31.75  935   0.01
58407  115.03   30.23   32   14.7
57489  114.00   30.52   24   0.01
57486  113.85   30.65   25    0.1
57389  113.75   31.03   32   0.01
54142  123.53   43.50  115  110.1
54154  124.30   43.35  160  100.8
54192  130.27   43.70  385   0.01
54195  129.78   43.30  245    4.4
54276  126.80   42.40  570    5.9
54279  126.58   42.05  544    9.3
54284  127.50   42.15  774   10.1
54285  128.12   42.40  732   11.0
54293  129.83   42.95  143    1.2
54431  116.75   39.85   20   14.2
54645  117.47   38.85    2   15.9
54523  117.07   39.43    8   39.2
54525  117.28   39.73    5   20.6
54623  117.72   39.05    5   35.3
54428  117.45   40.05   32   21.4
59126  117.65   24.50   29   46.8
59321  117.50   23.78   53   53.0
59127  117.83   24.43   32   68.1
59124  117.38   24.52   54   23.1
59320  117.13   23.75   38   60.5
59122  117.75   24.62   43   27.8
59322  117.37   23.98   23   46.1
59129  117.58   24.13   61   52.3
59125  117.30   24.38  109   34.9
58928  117.53   25.02  167    4.5
59113  116.72   24.73  227    3.3
56654  100.18   26.58 2195   0.01
53490  114.05   40.43 1015    0.5
59502  115.65   22.97   32   29.2
59271  112.42   23.63   93   12.0
59477  112.23   22.27   69   79.6
59270  112.18   23.93   85   22.5
59109  115.72   24.17  124   13.4
59288  113.02   23.15   30    3.3
59285  113.62   23.57   38    8.3
59294  113.83   23.33   31   28.2
57941  109.60   25.78  197    6.6
59640  109.18   21.67    6    0.6
57956  110.32   25.42  168   56.8
57960  111.07   25.93  196   16.9
59061  111.27   24.82  193    4.7
59242  109.15   23.77   97   0.01
59448  109.55   22.27   70   0.01
59631  108.35   21.78   32    0.8
59041  109.25   24.65  108   20.8
59230  108.12   23.72  219   17.4
59047  109.33   24.25  101   20.8
59038  108.65   24.07  139   61.8
59235  108.62   23.43  116    0.1
59012  106.55   24.78  972   23.8
59057  110.18   24.13  831   0.01
54433  116.50   39.95   35   10.0
54619  116.92   38.92    6    4.6
54622  117.37   38.98    4   20.9
54530  117.77   39.23    1   33.0
54526  117.33   39.08    2   28.4
58836  118.73   26.58  362    1.3
58932  118.93   25.87   86    9.7
58940  119.33   26.08   26    6.8
58918  116.42   25.05  198   17.8
58823  117.80   26.80  175    5.2
58839  118.85   26.23   41    0.4
58941  119.50   25.97   26    2.3
58844  119.15   26.15   58    1.9
58927  117.02   25.05  376    1.8
58929  118.20   25.07  131   36.4
58938  118.98   25.23   23   26.5
58735  118.75   27.52  260    5.2
58942  119.38   25.72   39    4.2
58724  117.32   27.53  268    5.6
58819  116.82   26.18  337   16.0
58843  120.02   26.88   57    3.1
58737  118.32   27.05  155    6.4
58935  118.23   25.52  646    4.9
58734  118.12   27.33  197    8.2
58946  119.00   25.45   81   24.9
58934  118.27   25.33  184    6.0
58826  117.80   26.40  121    1.0
59131  118.37   24.97   45   30.9
58461  121.12   31.13    4   20.1
58366  121.50   31.67    4   33.3
58370  121.53   31.23    4   15.3
58367  121.43   31.20    5   21.8
58462  121.18   31.02    8    9.4
58460  121.35   30.73    5   10.4
58361  121.37   31.10    6   11.4
58474  122.05   30.63   54   10.1
58365  121.20   31.38    7   28.1
58463  121.50   30.88    5   15.1
58369  121.78   31.05    5   19.5
54901  115.17   36.08   48    7.9
57261  111.52   33.12  233   21.0
57192  114.85   33.73   46   0.01
58446  119.70   30.63   72   13.8
58449  119.95   30.05   47   23.1
58455  120.50   30.48    5   16.7
58456  120.52   30.63    6   13.2
58458  120.90   30.53    5    7.4
58464  121.12   30.65    4   10.3
58467  121.27   30.20    5   17.8
58468  121.13   30.02   38   20.7
58546  119.88   29.47  116    8.8
58558  120.22   29.27   90    9.7
58560  120.43   29.05  305    8.0
58561  121.60   29.98    4   29.3
58562  121.50   29.80    6    7.7
58565  121.38   29.70   42    2.8
58566  121.88   29.47    6    2.1
58567  121.43   29.32   39    3.0
58570  122.30   29.95   85   31.2
58632  118.60   28.72  126    5.0
58642  119.80   28.88  105    3.9
58659  120.65   28.03   28    0.9
58746  119.70   27.55  539    0.7
58760  121.15   27.83   69    0.3
52963  102.02   35.93 2086    7.5
52745   99.02   37.30 3417   12.6
52765  101.62   37.38 2850   10.9
53882  113.03   36.07 1047    3.2
53885  113.20   36.12 1122    1.3
56067  101.48   33.43 3629   27.9
52876  102.83   36.33 1814   10.3
52943   99.98   35.58 3323   13.6
52855  101.25   36.68 2675    4.6
52868  101.37   36.02 2273    8.3
57485  113.48   30.30   24    0.1
58500  115.22   29.90   57   17.1
57540  109.15   29.68  777    0.2
57541  109.48   30.00  533   0.01
57581  113.45   29.82   27    0.2
57586  114.03   29.53   79    2.7
57590  114.37   29.85   99   10.1
58402  115.67   30.73  124    1.6
57361  111.27   31.88  328   0.01
57545  109.42   29.53  503    0.1
57496  114.62   30.25   35    4.8
57583  113.97   29.92   62    4.3
57589  113.88   29.27  146    3.3
50934  121.58   45.38  312    5.7
50838  122.05   46.08  275    2.5
53483  113.83   40.87 1269    4.4
53475  112.47   40.52 1269    0.6
54122  120.03   43.87  429   21.2
53385  113.53   41.58 1420   10.3
54204  115.00   42.30 1346    0.5
54024  119.30   44.45  710   11.0
54234  121.75   42.73  298   80.0
54231  122.37   42.92  257   89.6
53272  112.63   42.75 1105    6.8
54225  119.95   42.30  579   37.2
53348  109.13   41.02 1079    0.3
54214  118.42   42.58  960   27.2
54313  118.70   41.93  734   30.2
50924  119.65   45.55  860    7.2
53384  113.18   41.45 1424    8.6
54213  119.02   42.93  634   30.0
53368  111.47   41.08 1637    3.0
53378  112.62   41.28 1737    1.4
54132  121.07   42.40  400   67.8
54113  118.65   43.53  621   33.5
53472  112.57   40.87 1452    1.5
50937  121.48   45.07  282   18.2
53481  113.22   40.80 1317    0.1
53289  113.83   42.23 1322    2.1
54039  122.02   44.03  182   28.6
53464  111.17   40.72 1043   0.01
53362  111.68   41.53 1490    8.3
53343  109.97   41.77 1612   17.1
50913  118.83   45.72  865   0.01
50928  120.33   45.07  628    9.7
54134  121.28   43.60  241   24.3
54205  116.00   42.23 1316    1.1
59297  114.25   23.18   50   20.3
59107  115.28   24.12  180    9.9
59303  115.75   23.92  136   16.6
54223  120.65   42.85  363   26.1
53792  114.48   37.45  113    2.0
53794  114.75   37.35   33    7.3
53796  114.88   37.62   31   0.01
53799  114.98   37.23   26    7.1
53890  114.10   36.67  280    0.9
53892  114.47   36.62   67    0.1
53893  115.00   36.78   38    3.3
53895  114.45   36.75  111    8.6
53899  114.97   36.48   49    0.2
53980  114.80   36.55   50    2.1
53996  114.65   36.45   58    2.0
54301  115.65   41.67 1411    2.7
54304  115.27   40.95 1240    9.6
54318  117.73   41.32  562   28.1
54319  118.67   41.00  502   33.4
54408  115.22   40.38  530    8.3
54420  117.33   40.93  529   37.7
54701  115.20   37.93   36    4.7
54702  115.70   37.73   21   10.9
54703  115.88   37.80   21    2.0
54704  115.57   37.52   25    6.0
54707  115.98   37.35   27   22.8
54708  115.73   37.50   24    8.6
54710  116.17   37.87   19    0.4
54713  116.53   37.88   14    3.6
54717  116.40   37.63   17    7.2
54719  116.68   38.03   11    1.3
54801  115.48   36.85   35   0.01
54804  115.18   36.30   45    0.8
54809  115.28   36.55   41   17.8
54820  115.20   36.82   39    0.9
53917  106.07   35.22 1631   0.01
57110  106.08   33.78  931    0.3
50861  127.48   46.88  182   38.7
50962  128.03   45.95  112   38.6
50739  123.25   47.30  209   0.01
50971  131.02   45.77  224   0.01
50884  131.15   46.63  175   0.01
50871  129.88   46.73   95   21.8
57006  105.75   34.57 1150   0.01
50873  130.30   46.78   82   10.4
53908  105.23   35.22 1770   0.01
56081  103.35   34.70 2810    1.2
52993  105.07   35.68 1739    1.6
52896  104.15   36.55 1737   0.01
56071  102.50   34.60 3191    4.3
56082  103.50   34.58 2592   0.01
52884  103.95   36.35 1669    1.4
57105  105.60   33.33 1221    0.6
52980  103.30   35.97 1648   10.5
56094  104.37   33.78 1329    0.1
56074  102.08   34.00 3471   15.8
52885  103.25   36.75 2119    1.8
57111  106.30   33.92  961    0.3
52984  103.18   35.58 1917    0.5
53906  105.72   35.52 1656   0.01
52981  103.38   35.68 2421    1.2
56084  103.23   34.07 2374   10.0
57007  105.18   34.18 1405    0.5
58845  119.55   26.50   79    0.4
58821  117.47   26.73  174   11.1
58747  119.35   27.15  899    3.2
59130  118.15   24.73   31   29.2
58917  116.10   25.08  307   13.0
58848  119.55   26.20   13    3.1
58846  119.52   26.67   32    0.6
58824  117.15   26.40  357    8.0
58828  117.62   26.27  208    2.5
58936  118.70   25.37   78   16.8
58748  119.65   27.10   51    1.3
58736  118.82   27.38  262   10.1
58744  119.42   27.45  816    2.2
58850  120.23   26.92   92    7.8
58933  118.98   26.92  870    2.2
58749  119.88   27.23  684    0.3
59133  118.92   24.90   22   22.8
59256  110.90   23.37  106   18.7
56183  103.62   31.50 1370   0.01
56289  103.87   30.20  437    2.7
57508  105.37   29.15  301   19.0
56180  103.85   31.68 1590    0.5
56380  103.35   29.88  571    4.8
56381  103.50   30.07  630    8.5
56185  102.98   32.08 2400   0.01
56193  104.52   32.42  893   0.01
56473  102.77   28.95 1060   16.0
56387  103.27   29.23  642   12.8
56284  103.43   30.45  519    0.4
56575  102.55   27.37 1531   13.5
57420  107.18   30.75  418   0.01
56171  101.70   32.90 3275   13.0
57407  105.03   30.28  463    1.1
56487  103.13   28.33 1944    2.6
56147   98.83   31.22 3260    0.1
56273  102.82   30.38 1022    1.8
56443   99.80   28.93 2842   0.01
56263  101.88   30.88 1950   0.01
57309  105.88   30.98  378    6.6
57315  106.40   31.52  656    1.1
57324  107.08   31.58  364   27.2
56391  103.82   30.08  415    1.0
57402  105.70   30.77  395    2.8
57600  105.07   28.72  421    0.5
57408  105.32   30.12  384    0.5
56480  103.53   28.82  564    6.8
56371  102.22   29.88 1403    2.5
56383  103.87   29.83  455   0.01
56475  102.52   28.65 1660    5.1
56390  104.07   29.67  404    3.5
56173  102.55   32.80 3492    3.1
56496  105.23   28.30  399   0.01
57605  105.82   28.03  538    0.2
56399  104.98   29.18  306    3.0
56386  103.75   29.57  424    4.5
56038   98.10   32.98 4200    7.4
56285  103.47   30.57  545    1.1
56394  104.43   29.45  384   12.2
56565  101.48   27.43 2517    0.4
56593  104.92   28.58  279   11.9
56297  104.15   30.02  437    1.6
56298  104.60   30.13  417    1.3
56474  102.17   28.55 1774    7.5
56580  102.80   27.72 2460    5.8
57603  105.83   28.82  283   38.0
56168  102.07   31.48 2169   0.01
56499  104.78   28.38  368   13.6
56494  104.33   28.83  387    1.0
56384  103.48   29.60  447    1.9
56459  101.27   27.93 2427    1.9
56569  102.18   27.42 1380    2.2
56373  102.85   29.78  798    7.3
57317  106.42   31.03  325    0.7
56393  104.85   29.77  369    8.3
56295  104.55   30.38  449    2.3
56389  103.95   29.20  388   19.6
57674  112.38   28.57   46    1.8
56434   97.47   28.67 2366    0.8
55598   91.77   29.27 3560    1.7
55585   90.17   29.45 3807    0.1
56202   93.28   30.67 4489    5.9
55681   90.40   28.97 4432   0.01
56317   94.22   29.22 2950    3.8
54729  117.87   37.17   12   0.01
54918  116.97   35.60   62   14.3
54830  117.93   36.82   34   0.01
54759  120.85   37.32  206    3.8
54833  118.08   36.97   15   0.01
54939  118.82   35.17  114    1.5
54811  116.62   36.93   21    8.3
54828  117.68   36.23  229   0.01
54712  116.82   37.20   19    4.1
54910  116.05   35.82   41   16.2
54925  117.68   35.50  161    0.3
54848  119.42   35.98   83   0.01
54915  116.60   35.43   33   15.1
54917  116.33   35.13   36    3.4
54718  116.47   37.15   23    7.1
54736  118.67   37.43    6   0.01
54807  115.77   36.15   41   24.5
54777  122.07   37.20  118   11.8
54837  118.83   36.68   79   0.01
58020  117.13   34.80   35   17.4
54814  116.25   36.53   30    1.9
54810  116.27   36.87   27    0.8
54834  118.28   36.87   46    0.1
54738  118.37   37.05   14   0.01
54824  117.95   36.63   95    0.5
54822  117.73   36.87   47    0.3
54766  121.58   37.43   39    4.0
54841  119.42   36.87   24   0.01
51804   75.23   37.77 3090    5.4
51704   76.17   39.72 1299   0.01
51705   75.25   39.72 2176    0.2
51708   75.95   39.15 1325    3.1
51241   83.60   45.93 1094    2.6
51433   82.52   43.80 1105    6.7
51701   75.40   40.52 3504    1.3
51434   81.53   43.97  770    0.2
51436   83.30   43.45  928    2.0
50772  129.23   48.10  288   41.3
50853  126.97   46.62  180   33.8
50673  130.40   48.88   90   23.0
50954  125.08   45.50  128   29.1
50859  126.28   46.28  169   31.2
54092  129.40   44.60  292    7.4
50950  125.25   45.70  149   30.5
50852  126.45   46.83  169   23.3
50566  128.47   49.55  116   0.01
50965  128.27   45.43  167   24.1
54098  129.47   44.33  268    5.0
50758  125.90   47.15  240    3.1
50851  126.08   46.68  207   22.0
50767  127.10   47.23  203   26.0
50880  131.12   46.73  102    0.1
50879  130.55   46.22  187    0.1
50787  131.83   47.32   63   0.01
50775  130.20   47.33  182   26.3
50862  127.98   46.98  206   41.5
50960  127.38   45.73  184   50.1
50755  126.07   47.62  250    0.1
50442  124.12   50.40  372   0.01
50776  130.83   47.57   83   17.4
50842  124.42   46.83  145    0.6
50877  129.58   46.30  100   12.3
50247  123.57   52.03  515    0.2
50964  128.80   45.83  119   31.2
50858  125.80   46.02  160   32.1
58240  119.02   32.68   21   12.4
57992  114.75   25.67  127    1.3
57994  114.35   25.40  216   11.8
58519  116.68   29.00   40   11.6
58623  117.92   28.47   91   11.9
57696  114.78   28.40   92    1.5
54047  123.28   44.13  146   54.1
52972  102.45   35.85 1921    4.3
54156  124.80   43.52  200   60.5
54705  115.38   37.37   27    6.7
54923  117.93   35.72  202    1.7
56995  104.42   23.03 1333    7.6
54430  118.22   40.78  330   62.1
50956  126.77   46.08  135   31.9
50955  126.32   45.40  168   44.4
51829   80.23   37.05 1296   0.01
54449  119.52   39.85    2   39.2
57506  105.90   29.37  353    4.7
57499  114.88   30.07   40   19.8
57582  113.88   29.72   47    0.6
57260  111.52   32.57  133    0.4
57482  113.95   30.90   26    0.9
57491  114.40   30.87   31    1.1
50945  124.23   45.50  138   30.1
50946  124.83   45.18  140   37.8
50948  124.02   45.00  146   46.3
54069  125.80   44.12  174   47.1
54164  125.28   43.35  248   44.4
54187  128.92   43.12  367   11.0
54263  126.08   42.97  351   27.0
54266  125.63   42.53  341   20.9
54267  125.73   42.25  362   17.9
54274  125.98   42.68  307   23.9
54362  125.73   41.67  380   18.4
54363  125.90   41.68  403   12.9
58409  115.93   30.10   32   10.7
53662  111.58   38.72 1397   0.01
57256  110.78   32.65  287    1.0
54817  115.87   35.98   42   15.6
57188  114.03   33.37   56   0.01
57281  113.30   32.70  142   0.01
58006  115.88   34.38   46   0.01
54902  115.15   35.95   49    0.8
54903  115.48   35.85   46   10.8
53974  114.23   35.62   70   0.01
53995  114.50   35.55   63   0.01
57183  113.92   33.80   60   0.01
58005  115.53   34.43   51   0.01
57156  111.50   33.30  250   0.01
57175  112.25   33.08  234   0.01
58038  118.78   34.08   10    1.5
57314  106.07   31.35  406    2.5
56490  103.90   28.95  424    2.4
56280  103.12   30.08  691    6.2
57608  105.43   28.17  378    0.7
56376  102.63   29.33 1098    7.5
56382  103.55   29.75  475    2.5
56498  104.50   28.15  549    1.1
56189  103.93   30.98  582    0.2
56491  104.57   28.70  287    0.3
56190  104.55   31.55  519    0.8
56396  104.77   29.35  353    4.4
56288  103.92   30.58  495    5.5
56479  102.85   28.00 2132    3.6
56184  103.17   31.43 1897    0.6
56670  102.12   26.92 1137    6.2
57206  105.90   32.42  545   0.01
56276  103.82   30.45  467   16.5
57405  105.55   30.50  355    0.5
56478  102.43   28.30 1818    0.6
56675  102.58   26.65 1695   0.01
56097  104.25   33.27 1441    0.8
56278  102.77   30.07  756    1.2
57307  105.08   31.10  460   0.01
58049  119.80   34.02    4    2.6
56227   95.77   29.87 2736    0.7
56307   92.58   29.15 3260   0.01
55690   91.95   27.98 4280   0.01
55593   91.73   29.85 3804    1.2
59492  114.67   23.03   85   60.7
59480  113.25   22.85   21   11.9
59071  112.28   24.73  174   16.0
59318  116.58   23.25    7   57.8
59488  113.57   22.28   51   95.9
59306  115.85   23.45   81   27.6
59264  111.50   23.40   84    2.8
59315  116.40   23.58   44   13.1
59088  113.42   24.18   74   11.6
59075  112.63   24.47   71    6.7
59268  111.55   23.27   71    9.6
59650  110.25   21.40   30    8.1
59284  113.23   23.42   39    0.7
59276  112.65   23.35   40    8.8
59656  110.82   21.40   27    7.3
59298  114.37   23.07  109   24.9
59280  113.08   23.72   79    6.8
59081  113.28   24.78  131    5.3
59473  112.98   22.73   47    2.2
59754  110.18   20.33   56    0.2
59462  111.60   22.72   60    7.5
59653  110.85   21.93   31   16.9
57989  113.77   25.07  113    8.2
59094  114.12   24.35  184   19.4
59481  113.32   22.93   12    7.7
59478  112.78   22.25   33   22.0
59500  115.32   23.02   46    4.5
59475  112.65   22.40   29   14.5
59312  116.70   23.67   61  112.9
59314  116.13   23.30   29   35.6
59487  113.30   22.23   23  305.8
59269  111.78   23.17   47    9.7
59654  110.30   21.63   29   13.3
59289  113.73   22.97   56   32.5
59317  116.30   22.98   42    4.3
59469  111.78   22.17   38   49.3
59324  117.03   23.43    8   88.0
59471  112.05   22.93  101   17.1
59664  110.98   21.53   32   63.5
57996  114.25   25.08  150    8.6
59097  114.20   24.05  199   56.3
59099  114.93   24.45  174   18.0
59114  116.17   24.65  136   30.0
59310  116.17   23.77   45   85.9
51815   77.27   38.20 1275   0.01
51814   77.40   37.92 1360    1.5
54521  116.98   39.70    9   26.8
54640  114.87   36.92   36    1.6
57954  110.15   25.23  223   28.0
59022  107.55   24.98  750   15.5
59033  108.87   24.78  363  140.2
59241  109.68   23.97   91   0.01
59015  106.57   24.35  438   24.1
58454  119.98   30.53  102   25.7
58459  120.28   30.18   97   17.9
58647  119.13   28.08  222   17.1
58654  120.08   28.67  185    2.8
58657  120.28   28.15   58    0.4
58660  121.20   28.87    7    3.0
58664  121.37   28.37   35    2.1
58745  119.08   27.62  401    7.2
59470  112.22   22.70   58    9.7
59290  114.27   23.78   86   34.1
59476  113.03   22.53   36    4.0
59655  110.62   21.65   32   82.5
59659  110.92   21.75   33   53.5
59116  116.70   24.35   80    3.1
57988  113.35   25.12  143    6.7
59856  110.75   19.62   22    6.0
59843  110.00   19.73   31   0.01
59849  109.83   19.03  251   18.4
57719  106.97   27.07 1276    0.8
57839  109.13   26.23  569   43.5
57723  107.72   27.98  710    1.8
57818  106.45   26.03 1140    8.4
57912  106.63   26.13  991    0.6
59842  109.68   19.90   32   41.2
59757  110.37   20.00   10   0.01
59851  110.33   19.67   53   18.7
59951  110.33   18.80   40   12.7
59848  109.43   19.23  216   0.01
59954  110.03   18.55   35   12.5
52874  102.42   36.48 2021    8.9
57872  112.60   26.90  105   42.3
58021  117.28   34.78   81   30.0
51438   81.77   43.18 1210    8.8
51352   85.25   44.85  337   0.01
51356   86.05   44.32  443   0.01
56793  104.47   25.72 1800   22.5
53392  114.58   41.85 1428   0.01
53397  113.98   41.10 1377    9.3
53399  114.70   41.15 1393    8.4
53491  114.38   40.67  838    1.3
53492  114.15   40.10  938    1.2
53498  115.03   40.57  629    1.0
53499  114.73   40.77  755    1.1
53596  115.15   38.92   81    0.3
53599  114.68   39.37  884    1.4
53682  114.68   38.63  104    0.3
53689  115.07   38.02   42   18.5
53692  114.98   38.73   67    0.5
53697  114.83   38.03   54   13.0
53699  114.95   38.18   45    1.6
53773  114.62   36.33   65    0.3
53781  114.47   36.87   68    0.7
53784  114.78   37.75   39    4.1
53785  114.67   37.52   35    0.1
53789  114.63   37.88   53    3.8
54603  115.77   38.72   10   30.4
54604  115.33   38.42   30    3.0
54605  115.93   38.93    4    0.1
54606  115.75   38.22   18    5.9
54607  115.12   38.70   48    0.5
54608  115.55   38.00   26    6.0
54609  115.58   38.23   22   17.6
54610  116.10   38.73    8   30.3
54611  115.32   38.93   45    0.2
54612  116.45   38.85    4    3.8
54613  116.62   38.70    7   18.6
54614  116.05   38.42   11    7.1
54615  116.85   38.58    8   17.8
54616  116.85   38.35    8   10.6
54620  115.57   38.48   19    9.5
54621  115.18   38.18   38   0.01
54624  117.32   38.40    5   24.2
54626  115.82   38.42   14    0.7
54627  117.23   38.03    8    0.5
54628  117.48   38.15    6   10.0
54631  115.15   37.07   32    0.2
54633  115.27   37.50   26   10.7
54636  116.12   39.02   10    1.3
54644  117.12   38.05   11    0.3
54700  115.93   38.03   16    0.2
54425  117.47   40.40  633   44.4
54429  117.95   40.20   55   22.3
54432  118.47   40.62  369   39.5
54434  118.33   40.17  132   27.4
54437  118.62   39.50   18   33.5
54438  118.88   39.88   65   48.8
54439  118.72   40.02   51   30.3
54502  116.03   39.48   29   29.2
54503  115.82   39.07   13    2.1
54506  115.95   39.32   25   23.3
54507  115.52   39.33   49   11.7
54510  116.95   39.92   18   21.3
54512  116.28   39.42   21   19.4
54515  116.70   39.50   14   51.0
54518  116.40   39.17    9    5.0
54519  116.48   39.30   12   10.1
54520  117.08   39.97   18   18.4
54522  117.73   39.88   14   28.1
54531  118.72   39.73   43   38.0
54532  118.08   39.80   32   39.1
54535  118.47   39.28    3   42.0
54540  119.20   39.73   18   24.3
54541  119.23   39.90   24   23.0
54601  115.65   38.98   13    1.6
50936  122.83   45.63  155   12.1
50939  122.82   45.33  151   16.9
50940  123.17   45.85  141   10.4
54041  123.07   44.80  150   27.1
54064  125.15   44.38  170   81.6
54065  125.65   44.53  169   60.2
54072  126.52   44.85  197   31.3
54155  124.23   43.67  144  100.1
54165  125.63   43.55  220   37.5
54169  126.02   43.30  272   26.1
54171  126.52   43.70  230   23.8
54172  126.53   43.87  290   21.9
54181  127.33   43.70  295    8.3
54261  125.47   42.67  345   29.5
54286  129.00   42.53  476    6.2
54290  129.40   42.77  241    5.1
56331   97.83   29.67 3780   0.01
57176  112.42   33.48  231    1.9
53457  110.03   40.40 1011   0.01
52853  100.98   36.90 3010    3.1
57744  109.17   27.37  356    0.9
57985  113.68   25.55  610    5.7
57758  110.58   27.07  324   22.1
57824  107.23   26.58 1001    4.2
56792  104.97   25.78 1649    6.8
57807  105.47   26.20 1362   12.0
58530  118.43   29.87  169   51.4
56497  104.23   28.10  449    3.9
56788  103.62   24.98 1858   0.01
56950   99.80   23.47 1044   0.01
56836   97.95   24.70  827   29.3
56483  103.95   28.58  497   12.7
56992  104.70   23.45 1508   50.5
56790  104.25   25.68 1926    9.4
56673  102.92   26.92  894    3.2
56986  103.68   22.98 1414   0.01
56641   98.87   26.90 1190    0.3
56489  103.62   28.23  976    0.5
56854  100.13   24.45 1109   0.01
56646   99.92   26.53 2191   0.01
56596  105.05   27.85 1177   0.01
56881  103.27   24.75 1696   24.8
56978  102.42   23.00 1643   0.01
56664  101.27   26.63 1231    1.5
56533   98.67   27.75 1583    3.9
56840   98.30   24.82 1013    4.9
56543   99.75   27.85 3342   0.01
56781  103.27   25.52 1866   15.7
56839   98.82   23.77  995    7.7
56782  103.55   25.42 2067   61.5
57682  113.57   28.72  106    6.5
57740  109.60   27.95  350    4.2
57841  109.67   26.57  320   76.8
57978  112.55   25.27  292   19.6
59063  111.57   25.18  266    0.7
57876  112.83   26.43  135   55.8
57875  112.68   26.75  137   99.1
57749  110.00   27.57  258    2.4
57889  113.95   26.08  836    8.6
57768  111.45   27.32  243   15.3
57673  112.88   28.68   53    0.4
57868  111.87   26.60  113    4.5
57981  113.22   25.97  139    4.2
57882  113.55   26.78  136   38.5
57969  111.32   25.28  269   28.9
57860  111.28   27.00  283   30.4
57865  111.62   26.50  193    1.9
57974  112.37   25.58  215   22.0
57657  110.20   28.22  186    0.1
57752  110.60   27.92  204   55.8
57754  109.83   27.22  252   12.2
57680  113.10   28.85   83    0.1
57769  111.73   27.23  253    1.6
57780  113.17   27.83   75   18.3
57777  112.87   27.23   63   39.5
57871  112.37   26.98   91    7.9
57761  111.30   27.75  212   28.7
57966  111.97   25.60  244    8.0
57857  110.32   26.37  478   25.4
57778  112.95   27.10   70   14.5
57564  111.13   29.43  103    0.1
57870  112.10   26.80  152   10.3
57762  111.70   27.68  165   16.9
57771  112.53   27.93   88    2.0
57973  112.72   25.75  329    8.0
57842  109.72   26.88  281   46.8
57874  112.40   26.42  117    5.1
57887  113.12   26.13  168   22.9
57773  112.83   27.88   64    0.9
57760  111.43   27.70  249   23.7
57688  113.63   28.15  101    8.2
57767  111.00   27.12  308   43.1
57763  112.00   27.68  206    6.4
57585  113.45   29.48   60    2.9
57867  111.28   26.40  169   25.7
57881  113.27   26.72  102   67.9
57846  110.15   26.58  310   33.8
57886  113.80   26.48  269   41.2
57649  109.68   28.23  255    0.1
57975  112.20   25.38  277    5.9
57743  109.80   27.87  177    9.5
57962  111.65   25.97  168   19.0
57669  111.22   28.38  128    0.2
57679  113.20   28.22  101   10.0
57851  110.83   26.47  346   10.4
57678  112.55   28.25   75    8.9
54424  117.12   40.17   32   21.4
59106  115.87   24.57  201   29.2
59279  112.88   23.20   24   14.9
59090  114.05   24.97  144    2.8
59304  115.18   23.63  177   37.4
57637  108.10   28.25  630    6.4
57720  107.17   27.88  889   0.01
57736  108.85   27.70  369    3.1
57800  105.37   26.77 1457    0.1
57741  109.18   27.73  353   33.4
57714  106.23   27.47  942   20.2
57257  110.23   32.23  307    2.1
58401  115.40   30.75  123    3.0
57596  114.20   29.63  751    2.8
57495  114.88   30.67   28    0.7
53573  112.70   40.00 1336   0.01
53590  114.27   39.75  978    0.4
56944   99.27   23.15 1278   10.6
59205  105.63   23.65  686   99.0
56889  104.17   24.05 1519   35.6
54528  117.13   39.23    3   14.3
58212  116.77   32.72   23    0.4
58128  117.35   33.33   21    0.2
58129  117.83   33.15   15    2.8
58317  116.37   30.87  434    8.5
58415  116.55   30.67   64   21.8
58421  117.87   30.63   31   35.0
58432  118.40   30.68   57   26.2
58441  119.42   30.87   43   17.8
58534  118.18   29.78  170   44.5
58710  116.05   27.77   79    8.0
59001  105.33   24.78  672   33.1
57955  110.67   25.62  224    6.4
58548  119.47   29.22   50    8.8
58644  119.28   28.60  238    1.5
58806  116.02   26.48  209    0.7
54076  126.93   44.38  268   22.1
54260  125.08   42.92  253   44.1
57713  106.88   27.70  844    0.2
56891  104.32   24.98 1483   20.5
51059   85.88   47.45  968   0.01
51435   82.23   43.47  775    4.2
51357   85.62   44.33  522   0.01
51137   82.93   46.20  715   0.01
51717   76.78   39.25 1206   0.01
51437   81.13   43.15 1851    8.9
51802   76.17   38.93 1298    2.6
58600  115.37   28.87   79   27.0
58620  117.10   29.02   51   17.9
57896  114.50   26.33  126   0.01
57694  114.38   28.53  260    3.8
58705  115.42   27.33   86    0.7
58905  115.42   25.97  133    1.6
58612  116.68   28.70   21   12.3
58512  116.55   29.90   71   19.0
58510  116.20   29.68   35   20.1
59093  115.03   24.78  253    2.8
57891  114.25   26.93  153   37.5
58704  115.35   27.58  105   12.5
57004  104.88   34.73 1495    0.6
54774  122.13   37.47   65    6.4
54871  122.48   36.93   10    4.7
54805  115.47   36.45   39   11.2
54816  116.80   36.52   99    6.5
54861  121.53   36.93   45    9.0
54927  117.20   35.10   75   24.9
58923  117.83   25.70  400    1.5
58818  116.63   26.23  359   25.8
58820  117.17   26.90  343    7.8
58837  118.15   26.15  205    0.2
58822  116.85   26.83  342    3.2
54716  116.80   37.67   16    0.9
54731  118.22   37.48   12   0.01
54922  117.75   35.87  206    3.6
54943  120.00   35.88   10    2.8
54819  116.80   36.18  114    0.3
54911  116.40   35.93   44   12.4
56092  104.65   35.00 1728   0.01
56091  104.47   34.85 1883    0.1
57002  105.65   34.85 1216   0.01
52889  103.88   36.05 1517    6.5
57001  105.33   34.75 1272    0.2
54778  122.48   37.17   62    5.9
54815  116.27   36.38   31    0.3
54825  117.85   36.52  190    0.5
54724  117.13   37.32   15    2.8
54818  116.42   36.25   80    1.5
54722  117.63   37.75    7    3.4
54727  117.55   36.68  122    0.8
54829  117.87   36.77   86    0.3
54935  118.43   35.53  119    0.6
54723  117.57   37.65   10    0.1
54844  119.18   36.42   63   0.01
54803  116.02   36.98   28    5.2
54714  116.33   37.45   24   16.9
54827  117.15   36.17  129   0.01
54726  117.18   37.70   12    1.3
54921  116.33   35.42   38   10.8
58030  118.02   34.88   45    9.6
58022  117.57   34.75   48   18.5
54709  116.07   37.23   25   21.0
54730  118.13   37.70    6   0.01
54907  116.65   34.98   34   14.3
54852  120.73   36.97   54    1.4
58025  117.73   34.57   28   16.0
54744  118.55   37.58    9    0.5
54853  120.52   36.13   54    7.8
54755  120.38   37.33  118   13.7
54734  118.00   37.35   12   0.01
58024  117.58   34.87   78   19.8
54831  118.50   36.65  103   0.01
54806  115.97   36.42   33   0.01
54842  120.00   36.78   62    0.2
54851  120.57   36.90   77    0.1
57822  107.90   26.90  835   39.8
57915  106.77   26.63 1104    6.9
57844  109.18   26.68  343    2.3
54305  115.27   41.88 1469    0.4
53195  113.63   43.85 1037    1.7
53455  110.53   40.55  999   0.01
53357  110.10   41.03 1403    0.3
53367  111.23   41.32 1602    1.5
54117  117.53   43.25 1003   17.5
54320  119.30   41.60  544   41.0
53484  113.15   40.45 1192    0.8
54316  118.75   41.52  679   29.9
53446  109.88   40.53 1005    0.3
58450  120.05   30.87    7   13.5
58451  120.93   30.83    3    9.5
58452  120.77   30.73    5   10.8
58453  120.50   30.07    8   30.3
58484  122.20   30.25   37   27.7
58542  119.68   29.82   46   13.4
58550  120.25   29.70   39   16.1
58553  120.82   30.05    6   23.2
58555  120.88   29.52  115   12.9
58557  120.08   29.33   90    9.5
58559  120.97   29.15  108    2.9
58568  121.38   29.12   35    4.9
58656  120.97   28.07   61    1.3
58658  120.68   28.15   34    0.8
58742  119.55   28.12  163    2.4
58751  120.57   27.67  254    0.5
52978  102.50   35.18 2948    2.4
52998  104.20   35.13 2111    1.3
57008  105.30   34.03 1579    0.8
57102  105.72   33.75  970    1.2
56093  104.02   34.43 2315    3.1
56095  104.38   34.03 1753    2.2
54646  118.42   38.45   30    1.8
51827   79.63   37.17 1349   0.01
45011  113.53   22.20   59   41.6
53896  114.95   36.33   52   13.3
